MAP : 0.0975444230769231
MRR : 0.43306235088452255
