MAP : 0.09983346153846152
MRR : 0.4537543454571141
