MAP : 0.011709999999999998
MRR : 0.02821739564396196
