MAP : 0.11013634615384611
MRR : 0.49064407370166163
