MAP : 0.13551499999999997
MRR : 0.6080827172939067
