MAP : 0.13386230769230767
MRR : 0.60063894381659
