MAP : 0.13389874999999998
MRR : 0.5981407622922091
