MAP : 0.13517187499999997
MRR : 0.607515762292209
