MAP : 0.010161249999999998
MRR : 0.026979993386243385
