MAP : 0.010188749999999998
MRR : 0.027007697286952605
