MAP : 0.053243829851826394
MRR : 0.16666666666666666
