MAP : 0.09744480769230769
MRR : 0.43277532447809314
