MAP : 0.13363730769230767
MRR : 0.6227060866483943
