MAP : 0.13240134615384613
MRR : 0.607941283756501
