MAP : 0.009879999999999995
MRR : 0.054096320346320344
