MAP : 0.1463828125
MRR : 0.6364752435064935
